MINLAT : 10.38749999
MINLON : 106.68055564
MAXLAT : 10.60888877
MAXLON : 106.82694449
State : OK
