MINLAT : 10.60888877
MINLON : 106.68055564
MAXLAT : 10.83027779
MAXLON : 106.82694449
State : OK
