MINLAT : 10.27500001
MINLON : 104.41194442
MAXLAT : 10.40833329
MAXLON : 104.49944454
State : OK
