MINLAT : 12.13416674
MINLON : 109.19361114
MAXLAT : 12.26666669
MAXLON : 109.28249997
State : OK
