MINLAT : 10.18083344
MINLON : 106.84305559
MAXLAT : 10.26722219
MAXLON : 106.97777784
State : OK
