MINLAT : 10.12916663
MINLON : 104.38944446
MAXLAT : 10.27444446
MAXLON : 104.61277784
State : OK
