MINLAT : 10.26722219
MINLON : 106.76666670
MAXLAT : 10.41111114
MAXLON : 106.99083332
State : OK
