MINLAT : 10.44888888
MINLON : 106.95694453
MAXLAT : 10.67027774
MAXLON : 107.10333330
State : OK
