MINLAT : 10.22777779
MINLON : 106.95694453
MAXLAT : 10.44888888
MAXLON : 107.10333330
State : OK
