MINLAT : 10.00166674
MINLON : 104.01111109
MAXLAT : 10.01972219
MAXLON : 104.02277777
State : OK
