MINLAT : 8.62555546
MINLON : 106.53500003
MAXLAT : 8.74166670
MAXLON : 106.71388887
State : OK
