MINLAT : 10.60305546
MINLON : 106.82833337
MAXLAT : 10.66111112
MAXLON : 106.91833330
State : OK
