MINLAT : 9.59861110
MINLON : 106.34861106
MAXLAT : 9.66111110
MAXLON : 106.43611109
State : OK
