MINLAT : 8.66027766
MINLON : 105.19888887
MAXLAT : 8.74722222
MAXLON : 105.33555564
State : OK
