MINLAT : 10.36888889
MINLON : 107.02499997
MAXLAT : 10.45555559
MAXLON : 107.15999999
State : OK
