MINLAT : 10.24083336
MINLON : 106.57388888
MAXLAT : 10.32722220
MAXLON : 106.70861112
State : OK
