MINLAT : 10.52361111
MINLON : 106.91472221
MAXLAT : 10.61222216
MAXLON : 106.97361111
State : OK
