MINLAT : 10.29055557
MINLON : 106.30444447
MAXLAT : 10.37694441
MAXLON : 106.43916663
State : OK
