MINLAT : 10.20416656
MINLON : 106.70861112
MAXLAT : 10.29055557
MAXLON : 106.84305559
State : OK
