MINLAT : 9.64777784
MINLON : 106.09583332
MAXLAT : 9.78111112
MAXLON : 106.18333326
State : OK
