MINLAT : 9.81250000
MINLON : 105.92083326
MAXLAT : 9.94583337
MAXLON : 106.00833337
State : OK
