MINLAT : 9.89166666
MINLON : 105.83333331
MAXLAT : 10.02500003
MAXLON : 105.92083326
State : OK
