MINLAT : 11.09999998
MINLON : 108.49722234
MAXLAT : 11.16666670
MAXLON : 108.58666663
State : OK
