MINLAT : 9.74666669
MINLON : 106.00833337
MAXLAT : 9.87999997
MAXLON : 106.09583332
State : OK
