MINLAT : 9.36666666
MINLON : 106.18333326
MAXLAT : 9.45416669
MAXLON : 106.31666662
State : OK
