MINLAT : 13.71666670
MINLON : 109.21666674
MAXLAT : 13.80555553
MAXLON : 109.27500001
State : OK
