MINLAT : 9.47055557
MINLON : 106.53333337
MAXLAT : 9.54583336
MAXLON : 106.63472222
State : OK
