MINLAT : 10.70776002
MINLON : 106.75668000
MAXLAT : 10.92916003
MAXLON : 106.90304001
State : OK
