MINLAT : 9.43750003
MINLON : 106.18333326
MAXLAT : 9.57083331
MAXLON : 106.27083337
State : OK
