MINLAT : 12.83222219
MINLON : 109.39722224
MAXLAT : 12.87638887
MAXLON : 109.42694446
State : OK
