MINLAT : 8.74722222
MINLON : 105.11055552
MAXLAT : 8.83416670
MAXLON : 105.24444443
State : OK
