MINLAT : 12.52222220
MINLON : 109.33500002
MAXLAT : 12.69888891
MAXLON : 109.45361107
State : OK
