MINLAT : 9.42388891
MINLON : 106.44583326
MAXLAT : 9.55722219
MAXLON : 106.53333337
State : OK
