MINLAT : 9.28750000
MINLON : 106.27916666
MAXLAT : 9.37500003
MAXLON : 106.41250003
State : OK
