MINLAT : 8.72777780
MINLON : 104.97666668
MAXLAT : 8.81472219
MAXLON : 105.11055552
State : OK
