MINLAT : 10.87833334
MINLON : 108.09027784
MAXLAT : 10.93611114
MAXLON : 108.17999999
State : OK
