MINLAT : 9.43694447
MINLON : 106.35833332
MAXLAT : 9.56944443
MAXLON : 106.44583326
State : OK
