MINLAT : 10.10388891
MINLON : 105.56138892
MAXLAT : 10.23722219
MAXLON : 105.65416670
State : OK
