MINLAT : 9.97916669
MINLON : 105.74583337
MAXLAT : 10.11249997
MAXLON : 105.83333331
State : OK
