MINLAT : 9.53333326
MINLON : 106.47500002
MAXLAT : 9.59583334
MAXLON : 106.56249997
State : OK
