MINLAT : 9.56833332
MINLON : 106.18333326
MAXLAT : 9.70166669
MAXLON : 106.27083337
State : OK
