MINLAT : 9.58611109
MINLON : 106.42500004
MAXLAT : 9.64861108
MAXLON : 106.51249999
State : OK
