MINLAT : 10.51444441
MINLON : 106.85972234
MAXLAT : 10.60305546
MAXLON : 106.91833330
State : OK
