MINLAT : 10.25777780
MINLON : 106.43916663
MAXLAT : 10.34416664
MAXLON : 106.57388888
State : OK
