MINLAT : 9.52499997
MINLON : 106.11249998
MAXLAT : 9.65833334
MAXLON : 106.20000000
State : OK
