MINLAT : 10.27222216
MINLON : 105.41638887
MAXLAT : 10.40555553
MAXLON : 105.50833332
State : OK
