MINLAT : 10.42972223
MINLON : 106.82694449
MAXLAT : 10.65083332
MAXLON : 106.97361111
State : OK
