MINLAT : 10.48888891
MINLON : 108.92027778
MAXLAT : 10.51777781
MAXLON : 108.96500001
State : OK
