MINLAT : 9.62916666
MINLON : 106.04166669
MAXLAT : 9.76250002
MAXLON : 106.12916664
State : OK
