MINLAT : 11.76944448
MINLON : 109.10416668
MAXLAT : 11.99027779
MAXLON : 109.25194441
State : OK
