MINLAT : 9.49805559
MINLON : 106.27083337
MAXLAT : 9.63138887
MAXLON : 106.35833332
State : OK
