MINLAT : 10.50250003
MINLON : 106.97361111
MAXLAT : 10.59111108
MAXLON : 107.03250002
State : OK
