MINLAT : 9.98888886
MINLON : 105.04444443
MAXLAT : 10.01805554
MAXLON : 105.08888888
State : OK
