MINLAT : 10.23722219
MINLON : 105.50833332
MAXLAT : 10.32805553
MAXLON : 105.64305556
State : OK
