MINLAT : 10.06027778
MINLON : 105.65416670
MAXLAT : 10.19361106
MAXLON : 105.74583337
State : OK
