MINLAT : 10.31666670
MINLON : 105.75222222
MAXLAT : 10.33444447
MAXLON : 105.76388891
State : OK
