MINLAT : 11.24444448
MINLON : 108.74527781
MAXLAT : 11.35972222
MAXLON : 108.92611108
State : OK
